date	season	seasnum	stream	streamnum	streamtype	reach	vname	vlabel	all	temp	do	ph	spc	length	cover	area	width	canopy	depth	velocity	substrate	volume	totdenvol	totdenarea
4/13/2003	April	4.00	Bear	1.00	1.00	1.00	PopEst	PopEst	83.00	17.58	0.81	6.55	32.90	15.20	20.00	123.12	8.10	58.33	21.33	8.33	4.44	26.27	3.16	0.67
4/13/2003	April	4.00	Bear	1.00	1.00	2.00	PopEst	PopEst	152.00	17.58	0.81	6.55	32.90	36.10	10.00	276.17	7.65	60.83	38.33	3.56	5.28	105.86	1.44	0.55
4/13/2003	April	4.00	Bear	1.00	1.00	3.00	PopEst	PopEst	139.00	17.58	0.81	6.55	32.90	53.00	60.00	428.71	8.09	43.89	20.11	10.11	4.33	86.22	1.61	0.32
4/13/2003	April	4.00	Bear	1.00	1.00	4.00	PopEst	PopEst	207.00	17.58	0.81	6.55	32.90	38.30	40.00	230.89	6.03	45.71	34.67	6.05	4.33	80.04	2.59	0.90
4/13/2003	April	4.00	Bear	1.00	1.00	5.00	PopEst	PopEst	48.00	17.58	0.81	6.55	32.90	22.40	1.00	109.76	4.90	43.75	17.25	22.83	5.75	18.93	2.54	0.44
4/13/2003	April	4.00	Bear	1.00	1.00	6.00	PopEst	PopEst	176.00	17.58	0.81	6.55	32.90	19.80	25.00	143.55	7.25	58.75	31.50	2.08	4.58	45.22	3.89	1.23
6/9/2003	June	6.00	Bear	1.00	1.00	1.00	PopEst	PopEst	103.00	19.34	0.52	6.87	34.13	19.70	15.00	156.94	7.97	51.67	20.22	5.56	4.67	31.74	3.25	0.66
6/9/2003	June	6.00	Bear	1.00	1.00	2.00	PopEst	PopEst	448.00	19.33	0.55	6.85	34.27	36.20	15.00	276.15	7.63	42.86	29.00	3.52	5.00	80.08	5.59	1.62
6/9/2003	June	6.00	Bear	1.00	1.00	3.00	PopEst	PopEst	230.00	19.30	0.59	6.85	34.20	50.00	30.00	404.00	8.08	33.00	20.57	14.07	4.87	83.09	2.77	0.57
6/9/2003	June	6.00	Bear	1.00	1.00	4.00	PopEst	PopEst	103.00	19.32	0.63	6.83	34.27	15.20	5.00	92.72	6.10	55.00	33.56	1.44	4.89	31.11	3.31	1.11
6/9/2003	June	6.00	Bear	1.00	1.00	5.00	PopEst	PopEst	160.00	19.32	0.63	6.83	34.27	24.90	10.00	157.87	6.34	32.00	25.00	8.40	4.13	39.47	4.05	1.01
6/9/2003	June	6.00	Bear	1.00	1.00	6.00	PopEst	PopEst	131.00	19.36	0.66	6.80	34.37	21.30	20.00	112.89	5.30	47.50	23.00	19.50	5.58	25.96	5.05	1.16
6/9/2003	June	6.00	Bear	1.00	1.00	7.00	PopEst	PopEst	137.00	19.41	0.68	6.74	34.03	18.50	20.00	123.03	6.65	47.50	25.92	5.83	5.00	31.88	4.30	1.11
8/12/2003	August	8.00	Bear	1.00	1.00	1.00	PopEst	PopEst	114.00					16.70	30.00	82.39	4.93	53.33	9.67	1.44	4.56	7.96	14.31	1.38
8/12/2003	August	8.00	Bear	1.00	1.00	2.00	PopEst	PopEst	389.00					37.50	30.00	238.93	6.37	38.57	23.62	0.48	4.90	56.43	6.89	1.63
8/12/2003	August	8.00	Bear	1.00	1.00	3.00	PopEst	PopEst	241.00					49.50	40.00	266.20	5.38	40.56	11.85	3.96	4.56	31.55	7.64	0.91
8/12/2003	August	8.00	Bear	1.00	1.00	4.00	PopEst	PopEst	105.00					16.00	20.00	61.87	3.87	55.00	25.33	0.89	4.89	15.67	6.70	1.70
8/12/2003	August	8.00	Bear	1.00	1.00	5.00	PopEst	PopEst	141.00					23.60	30.00	113.28	4.80	21.25	14.50	3.25	4.33	16.43	8.58	1.24
8/12/2003	August	8.00	Bear	1.00	1.00	6.00	PopEst	PopEst	89.00					19.80	5.00	61.38	3.10	40.00	12.42	2.83	5.17	7.62	11.68	1.45
8/12/2003	August	8.00	Bear	1.00	1.00	7.00	PopEst	PopEst	351.00					18.40		100.59	5.47	45.00	23.78	1.22	4.56	23.92	14.68	3.49
9/27/2003	October	10.00	Bear	1.00	1.00	1.00	PopEst	PopEst	118.00					17.10	10.00	61.56	3.60	53.33	7.22	0.67	4.00	4.45	26.54	1.92
9/27/2003	October	10.00	Bear	1.00	1.00	2.00	PopEst	PopEst	556.00					38.20	10.00	222.11	5.81	41.43	22.29	0.00	5.43	49.50	11.23	2.50
9/27/2003	October	10.00	Bear	1.00	1.00	3.00	PopEst	PopEst	211.00					48.50	50.00	136.88	2.82	23.89	7.78	1.52	4.04	10.65	19.82	1.54
9/27/2003	October	10.00	Bear	1.00	1.00	4.00	PopEst	PopEst	293.00					19.60	10.00	66.64	3.40	62.50	15.00	0.08	4.67	10.00	29.31	4.40
9/27/2003	October	10.00	Bear	1.00	1.00	5.00	PopEst	PopEst	156.00					22.30	40.00	91.43	4.10	20.00	10.00	0.58	4.08	9.14	17.06	1.71
9/27/2003	October	10.00	Bear	1.00	1.00	6.00	PopEst	PopEst	138.00					20.20	10.00	41.92	2.08	53.75	7.00	2.08	5.75	2.93	47.03	3.29
9/27/2003	October	10.00	Bear	1.00	1.00	7.00	PopEst	PopEst	468.00					18.90	30.00	60.01	3.18	46.25	20.17	0.17	4.83	12.10	38.67	7.80
4/8/2003	April	4.00	Cave	2.00	1.00	1.00	PopEst	PopEst	848.00	9.01	0.99	6.62	47.90	26.50	65.00	265.88	10.03	50.83	30.72	0.89	3.83	81.69	10.38	3.19
4/8/2003	April	4.00	Cave	2.00	1.00	2.00	PopEst	PopEst	507.00	9.01	0.99	6.62	47.90	112.00	75.00	1144.89	10.22	48.89	14.63	8.07	4.33	167.49	3.03	0.44
4/8/2003	April	4.00	Cave	2.00	1.00	3.00	PopEst	PopEst	225.00	9.01	0.99	6.62	47.90	30.80	15.00	340.12	11.04	73.57	80.24	0.10	4.71	272.91	0.82	0.66
4/8/2003	April	4.00	Cave	2.00	1.00	4.00	PopEst	PopEst	141.00	9.01	0.99	6.62	47.90	38.30	70.00	221.05	5.77	60.00	26.38	7.19	4.62	58.31	2.42	0.64
4/8/2003	April	4.00	Cave	2.00	1.00	5.00	PopEst	PopEst	249.00	9.01	0.99	6.62	47.90	42.90	40.00	257.40	6.00	52.86	24.76	7.14	4.33	63.74	3.91	0.97
6/10/2003	June	6.00	Cave	2.00	1.00	1.00	PopEst	PopEst	427.00	17.37	0.59	7.05	58.93	26.70	10.00	263.26	9.86	36.00	29.13	0.60	4.13	76.70	5.57	1.62
6/10/2003	June	6.00	Cave	2.00	1.00	2.00	PopEst	PopEst	484.00	17.36	0.62	7.07	58.67	112.00	50.00	1201.85	10.73	31.15	20.77	11.46	4.10	249.61	1.94	0.40
6/10/2003	June	6.00	Cave	2.00	1.00	3.00	PopEst	PopEst	395.00	18.43	0.62	7.28	57.50	29.30	10.00	290.56	9.92	21.67	65.78	1.44	4.33	191.12	2.07	1.36
6/10/2003	June	6.00	Cave	2.00	1.00	4.00	PopEst	PopEst	251.00	18.52	0.65	7.46	56.77	41.40	40.00	220.34	5.32	54.44	23.44	7.52	4.33	51.66	4.86	1.14
6/10/2003	June	6.00	Cave	2.00	1.00	5.00	PopEst	PopEst	174.00	18.52	0.70	7.43	56.67	35.30	35.00	215.77	6.11	44.38	25.33	4.75	4.38	54.66	3.18	0.81
8/11/2003	August	8.00	Cave	2.00	1.00	1.00	PopEst	PopEst	540.00					25.80	45.00	203.82	7.90	30.00	15.07	0.00	4.00	30.71	17.58	2.65
8/11/2003	August	8.00	Cave	2.00	1.00	2.00	PopEst	PopEst	372.00					112.00	90.00	564.48	5.04	29.25	5.40	0.60	4.20	30.48	12.20	0.66
8/11/2003	August	8.00	Cave	2.00	1.00	3.00	PopEst	PopEst	387.00					35.90	10.00	284.12	7.91	34.29	45.33	0.00	4.57	128.80	3.00	1.36
8/11/2003	August	8.00	Cave	2.00	1.00	4.00	PopEst	PopEst	69.00					39.70		97.27	2.45	45.00	8.50	1.71	4.25	8.27	8.35	0.71
8/11/2003	August	8.00	Cave	2.00	1.00	5.00	PopEst	PopEst	151.00					40.70		147.03	3.61	38.13	9.13	0.67	3.92	13.42	11.25	1.03
10/4/2003	October	10.00	Cave	2.00	1.00	1.00	PopEst	PopEst	272.00					25.80	15.00	156.86	6.08	37.00	12.67	0.13	3.87	19.87	13.69	1.73
10/4/2003	October	10.00	Cave	2.00	1.00	2.00	PopEst	PopEst	98.00					15.50	50.00	63.94	4.13	30.00	17.42	0.00	4.00	11.14	8.80	1.53
10/4/2003	October	10.00	Cave	2.00	1.00	3.00	PopEst	PopEst	489.00					28.00		207.20	7.40	40.83	34.56	0.00	4.72	71.60	6.83	2.36
4/7/2003	April	4.00	Falling	3.00	1.00	1.00	PopEst	PopEst	94.00	9.59	0.91	6.17	15.35	26.10	25.00	128.41	4.92	50.00	17.00	15.87	5.27	21.83	4.31	0.73
4/7/2003	April	4.00	Falling	3.00	1.00	2.00	PopEst	PopEst	42.00	9.59	0.91	6.17	15.35	11.70	60.00	125.19	10.70	106.67	11.33	8.56	4.44	14.19	2.96	0.34
4/7/2003	April	4.00	Falling	3.00	1.00	3.00	PopEst	PopEst	88.00	9.59	0.91	6.17	15.35	42.00	15.00	359.40	8.56	49.29	46.57	3.76	5.52	167.38	0.53	0.24
4/7/2003	April	4.00	Falling	3.00	1.00	4.00	PopEst	PopEst	156.00	9.59	0.91	6.17	15.35	67.60	80.00	535.39	7.92	64.00	15.13	12.43	4.17	81.02	1.93	0.29
4/7/2003	April	4.00	Falling	3.00	1.00	5.00	PopEst	PopEst	25.00	9.59	0.91	6.17	15.35	22.30	8.00	193.12	8.66	83.00	47.20	1.27	5.20	91.15	0.27	0.13
4/7/2003	April	4.00	Falling	3.00	1.00	6.00	PopEst	PopEst	47.00	9.59	0.91	6.17	15.35	23.80	15.00	123.17	5.18	90.00	27.83	4.42	4.75	34.28	1.37	0.38
4/7/2003	April	4.00	Falling	3.00	1.00	7.00	PopEst	PopEst	44.00	9.59	0.91	6.17	15.35	20.80	75.00	185.64	8.93	67.50	14.92	14.00	4.50	27.69	1.59	0.24
6/8/2003	June	6.00	Falling	3.00	1.00	1.00	PopEst	PopEst	51.00	17.50	0.88	6.63	15.83	13.90	12.00	56.99	4.10		26.78	15.89	5.11	15.26	3.34	0.89
6/8/2003	June	6.00	Falling	3.00	1.00	2.00	PopEst	PopEst	58.00	16.80	0.83	6.85	15.67	18.90	35.00	148.93	7.88		14.07	18.67	4.87	20.95	2.77	0.39
6/8/2003	June	6.00	Falling	3.00	1.00	3.00	PopEst	PopEst	39.00	16.97	0.77	6.77	15.70	40.50	10.00	341.55	8.43		47.39	0.72	5.44	161.86	0.24	0.11
6/8/2003	June	6.00	Falling	3.00	1.00	4.00	PopEst	PopEst	194.00	17.12	0.77	6.73	15.80	75.80	50.00	553.34	7.30		17.62	14.00	4.67	97.49	1.99	0.35
6/8/2003	June	6.00	Falling	3.00	1.00	5.00	PopEst	PopEst	27.00	17.02	0.81	6.61	15.83	19.70	20.00	157.11	7.98		41.00	1.17	5.25	64.41	0.42	0.17
6/8/2003	June	6.00	Falling	3.00	1.00	6.00	PopEst	PopEst	36.00	17.07	0.88	6.62	15.70	21.40	30.00	114.49	5.35		31.08	11.42	5.17	35.59	1.01	0.31
6/8/2003	June	6.00	Falling	3.00	1.00	7.00	PopEst	PopEst	63.00	17.04	0.90	6.61	15.67	17.10	30.00	151.34	8.85		16.17	14.92	4.75	24.47	2.58	0.42
7/27/2003	August	8.00	Falling	3.00	1.00	1.00	PopEst	PopEst	161.00	26.35	0.88	6.65	23.80	25.30	1.00	60.72	2.40	53.00	11.73	2.07	5.27	7.12	22.60	2.65
7/27/2003	August	8.00	Falling	3.00	1.00	2.00	PopEst	PopEst	35.00	29.06	0.88	6.69	23.10	11.30	65.00	86.26	7.63	20.00	2.33	1.22	4.78	2.01	17.39	0.41
7/27/2003	August	8.00	Falling	3.00	1.00	3.00	PopEst	PopEst	129.00	28.55	0.84	6.67	23.30	39.90	2.00	285.00	7.14	42.86	34.43	0.00	5.29	98.12	1.31	0.45
7/27/2003	August	8.00	Falling	3.00	1.00	4.00	PopEst	PopEst	192.00	27.96	0.81	6.51	23.30	73.90	80.00	301.93	4.09	30.36	7.79	2.38	4.17	23.51	8.17	0.64
7/27/2003	August	8.00	Falling	3.00	1.00	5.00	PopEst	PopEst	52.00	28.28	0.77	6.45	23.30	20.50	3.00	176.30	8.60	42.50	40.00	0.00	5.50	70.52	0.74	0.29
7/27/2003	August	8.00	Falling	3.00	1.00	6.00	PopEst	PopEst	68.00	28.57	0.77	6.51	23.10	22.70	15.00	89.67	3.95	32.50	17.75	1.50	5.25	15.92	4.27	0.76
7/27/2003	August	8.00	Falling	3.00	1.00	7.00	PopEst	PopEst	39.00	29.35	0.75	6.66	23.00	19.60	80.00	90.81	4.63	58.33	7.67	0.89	4.56	6.96	5.60	0.43
9/26/2003	October	10.00	Falling	3.00	1.00	1.00	PopEst	PopEst	43.00					25.20		64.51	2.56	51.00	11.73	0.67	5.07	7.57	5.68	0.67
9/26/2003	October	10.00	Falling	3.00	1.00	2.00	PopEst	PopEst	4.00					12.40		65.72	5.30	20.00	1.56	0.44	4.33	1.02	3.91	0.06
9/26/2003	October	10.00	Falling	3.00	1.00	3.00	PopEst	PopEst	91.00					48.50		312.02	6.43	37.22	24.96	0.00	5.33	77.89	1.17	0.29
9/26/2003	October	10.00	Falling	3.00	1.00	4.00	PopEst	PopEst	62.00					65.00		232.50	3.58	38.08	6.95	0.41	4.03	16.16	3.84	0.27
9/26/2003	October	10.00	Falling	3.00	1.00	5.00	PopEst	PopEst	68.00					19.50		163.15	8.37	36.67	30.11	0.00	5.33	49.13	1.38	0.42
9/26/2003	October	10.00	Falling	3.00	1.00	6.00	PopEst	PopEst	64.00					23.70		107.84	4.55	48.75	21.08	0.00	5.33	22.74	2.82	0.59
9/26/2003	October	10.00	Falling	3.00	1.00	7.00	PopEst	PopEst	9.00					13.00		42.90	3.30	65.00	7.33	0.00	4.22	3.15	2.86	0.21
4/10/2003	April	4.00	Sylamore	4.00	2.00	1.00	PopEst	PopEst	22.00	12.02	0.96	7.47	269.80	24.40	35.00	261.69	10.73	85.00	11.17	4.83	4.08	29.22	0.75	0.08
4/10/2003	April	4.00	Sylamore	4.00	2.00	2.00	PopEst	PopEst	113.00	12.02	0.96	7.47	269.80	57.00	10.00	669.75	11.75	80.63	46.04	1.58	4.04	308.36	0.37	0.17
4/10/2003	April	4.00	Sylamore	4.00	2.00	3.00	PopEst	PopEst	100.00	12.02	0.96	7.47	269.80	50.00		433.75	8.68	78.75	15.71	6.13	3.63	68.13	1.47	0.23
4/10/2003	April	4.00	Sylamore	4.00	2.00	4.00	PopEst	PopEst	66.00	12.02	0.96	7.47	269.80	37.80		351.54	9.30	90.71	13.19	8.00	3.67	46.37	1.42	0.19
6/11/2003	June	6.00	Sylamore	4.00	2.00	1.00	PopEst	PopEst	262.00	17.79	0.83	7.87	277.63	21.30	25.00	219.39	10.30	47.50	18.17	5.67	3.50	39.86	6.57	1.19
6/11/2003	June	6.00	Sylamore	4.00	2.00	2.00	PopEst	PopEst	101.00	17.75	0.91	7.88	277.07	30.40	5.00	325.28	10.70	47.50	46.33	1.94	3.61	150.71	0.67	0.31
6/11/2003	June	6.00	Sylamore	4.00	2.00	3.00	PopEst	PopEst	90.00	17.80	0.97	7.91	184.92	24.30	5.00	243.97	10.04	46.00	39.27	1.80	3.73	95.80	0.94	0.37
6/11/2003	June	6.00	Sylamore	4.00	2.00	4.00	PopEst	PopEst	113.00	17.86	1.03	7.92	275.67	49.40	5.00	417.70	8.46	42.78	19.81	6.11	3.70	82.77	1.37	0.27
6/11/2003	June	6.00	Sylamore	4.00	2.00	5.00	PopEst	PopEst	134.00	17.85	1.08	7.92	275.53	39.60	10.00	346.22	8.74	42.14	11.10	8.90	3.86	38.41	3.49	0.39
6/11/2003	June	6.00	Sylamore	4.00	2.00	6.00	PopEst	PopEst	134.00	17.95	1.09	7.93	274.87	23.80	5.00	390.32	16.40	61.25	12.33	4.25	4.00	48.14	2.78	0.34
7/28/2003	August	8.00	Sylamore	4.00	2.00	1.00	PopEst	PopEst	163.00	23.72	0.85	7.69	290.00	24.50	60.00	248.68	10.15	42.50	10.92	3.50	3.92	27.15	6.00	0.66
7/28/2003	August	8.00	Sylamore	4.00	2.00	2.00	PopEst	PopEst	105.00	23.72	0.85	7.69	290.00	30.40	45.00	286.77	9.43	35.83	39.50	0.11	4.00	113.28	0.93	0.37
7/28/2003	August	8.00	Sylamore	4.00	2.00	3.00	PopEst	PopEst	34.00	23.72	0.85	7.69	290.00	26.00	35.00	220.48	8.48	37.00	31.60	0.00	3.33	69.67	0.49	0.15
7/28/2003	August	8.00	Sylamore	4.00	2.00	4.00	PopEst	PopEst	95.00	23.72	0.85	7.69	290.00	41.60	20.00	325.52	7.83	40.63	16.17	3.63	3.38	52.63	1.81	0.29
7/28/2003	August	8.00	Sylamore	4.00	2.00	5.00	PopEst	PopEst	86.00	23.72	0.85	7.69	290.00	58.90	50.00	435.86	7.40	45.91	8.67	6.88	3.58	37.77	2.28	0.20
9/25/2003	October	10.00	Sylamore	4.00	2.00	1.00	PopEst	PopEst	157.00					24.70		199.58	8.08	48.00	9.33	2.33	3.67	18.63	8.43	0.79
9/25/2003	October	10.00	Sylamore	4.00	2.00	2.00	PopEst	PopEst	232.00					55.90		519.22	9.29	46.42	34.03	0.38	4.20	176.71	1.31	0.45
9/25/2003	October	10.00	Sylamore	4.00	2.00	3.00	PopEst	PopEst	125.00					49.00		342.02	6.98	40.50	17.40	2.27	3.83	59.51	2.10	0.37
9/25/2003	October	10.00	Sylamore	4.00	2.00	4.00	PopEst	PopEst	48.00					38.90		281.75	7.24	40.00	9.52	4.81	3.67	26.83	1.79	0.17
4/12/2003	April	4.00	Tomahawk	5.00	2.00	1.00	PopEst	PopEst	242.00	16.80	1.04	7.77	404.75	21.70	20.00	174.69	8.05	60.00	12.75	2.33	3.58	22.27	10.87	1.39
4/12/2003	April	4.00	Tomahawk	5.00	2.00	2.00	PopEst	PopEst	108.00	16.80	1.04	7.77	404.75	15.80	10.00	97.43	6.17	60.00	12.78	4.22	5.44	12.45	8.67	1.11
4/12/2003	April	4.00	Tomahawk	5.00	2.00	3.00	PopEst	PopEst	162.00	16.80	1.04	7.77	404.75	20.10	5.00	123.62	6.15	53.33	22.58	2.25	5.08	27.92	5.80	1.31
4/12/2003	April	4.00	Tomahawk	5.00	2.00	4.00	PopEst	PopEst	75.00	16.80	1.04	7.77	404.75	14.10	35.00	80.84	5.73	40.00	4.89	3.67	4.67	3.95	18.98	0.93
4/12/2003	April	4.00	Tomahawk	5.00	2.00	5.00	PopEst	PopEst	161.00	16.80	1.04	7.77	404.75	26.90	15.00	105.80	3.93	70.00	25.83	0.72	4.22	27.33	5.89	1.52
4/12/2003	April	4.00	Tomahawk	5.00	2.00	6.00	PopEst	PopEst	234.00	16.80	1.04	7.77	404.75	15.30		98.94	6.47	93.33	5.44	7.56	3.89	5.39	43.44	2.37
4/12/2003	April	4.00	Tomahawk	5.00	2.00	7.00	PopEst	PopEst	216.00	16.80	1.04	7.77	404.75	35.30	10.00	298.54	8.46	57.14	48.14	0.00	4.10	143.72	1.50	0.72
4/12/2003	April	4.00	Tomahawk	5.00	2.00	8.00	PopEst	PopEst	197.00	16.80	1.04	7.77	404.75	22.50	15.00	156.38	6.95	35.00	29.67	0.50	3.92	46.39	4.25	1.26
6/4/2003	June	6.00	Tomahawk	5.00	2.00	1.00	PopEst	PopEst	212.00	14.79	0.90	7.65	389.17	15.30	10.00	130.36	8.52		15.93	3.07	4.33	20.77	10.21	1.63
6/4/2003	June	6.00	Tomahawk	5.00	2.00	2.00	PopEst	PopEst	235.00	14.81	0.89	7.65	389.03	24.80	10.00	188.07	7.58		19.11	7.17	3.50	35.94	6.54	1.25
6/4/2003	June	6.00	Tomahawk	5.00	2.00	3.00	PopEst	PopEst	179.00	15.24	0.98	7.70	388.13	13.80	10.00	100.74	7.30		22.00	10.22	4.44	22.16	8.08	1.78
6/4/2003	June	6.00	Tomahawk	5.00	2.00	4.00	PopEst	PopEst	254.00	15.24	0.97	7.69	388.27	20.50	15.00	115.21	5.62		24.73	7.00	4.80	28.50	8.91	2.20
6/4/2003	June	6.00	Tomahawk	5.00	2.00	5.00	PopEst	PopEst	147.00	15.22	0.96	7.66	389.70	13.70	35.00	91.45	6.68		10.08	23.50	4.75	9.22	15.94	1.61
6/4/2003	June	6.00	Tomahawk	5.00	2.00	6.00	PopEst	PopEst	126.00	15.23	0.96	7.65	389.63	31.60	30.00	140.09	4.43		35.33	3.44	3.61	49.50	2.55	0.90
6/4/2003	June	6.00	Tomahawk	5.00	2.00	7.00	PopEst	PopEst	94.00	15.21	0.98	7.64	389.73	14.60	15.00	117.17	8.03		12.17	7.75	3.33	14.26	6.59	0.80
6/4/2003	June	6.00	Tomahawk	5.00	2.00	8.00	PopEst	PopEst	408.00					35.00	15.00	252.00	7.20		45.50	1.39	4.22	114.66	3.56	1.62
6/4/2003	June	6.00	Tomahawk	5.00	2.00	9.00	PopEst	PopEst	416.00					21.90	15.00	124.83	5.70		29.83	5.58	3.83	37.24	11.17	3.33
8/13/2003	August	8.00	Tomahawk	5.00	2.00	1.00	PopEst	PopEst	178.00					18.70	15.00	104.25	5.58	13.75	13.50	1.75	4.08	14.07	12.65	1.71
8/13/2003	August	8.00	Tomahawk	5.00	2.00	2.00	PopEst	PopEst	79.00					19.70	25.00	121.16	6.15	36.25	14.25	0.83	4.33	17.26	4.58	0.65
8/13/2003	August	8.00	Tomahawk	5.00	2.00	3.00	PopEst	PopEst	81.00					15.30	15.00	72.93	4.77	18.33	17.11	0.89	5.44	12.48	6.49	1.11
8/13/2003	August	8.00	Tomahawk	5.00	2.00	4.00	PopEst	PopEst	30.00					14.40	40.00	44.16	3.07	10.00	8.11	4.44	4.56	3.58	8.38	0.68
8/13/2003	August	8.00	Tomahawk	5.00	2.00	5.00	PopEst	PopEst	138.00					28.30	25.00	99.62	3.52	44.00	22.93	0.00	4.53	22.85	6.04	1.39
8/13/2003	August	8.00	Tomahawk	5.00	2.00	6.00	PopEst	PopEst	14.00					14.10	15.00	43.24	3.07	75.00	4.33	2.56	4.11	1.87	7.47	0.32
8/13/2003	August	8.00	Tomahawk	5.00	2.00	7.00	PopEst	PopEst	330.00					36.80	15.00	288.62	7.84	37.86	45.19	0.00	4.19	130.43	2.53	1.14
8/13/2003	August	8.00	Tomahawk	5.00	2.00	8.00	PopEst	PopEst	296.00					24.20	15.00	156.33	6.46	33.00	22.73	0.00	4.07	35.54	8.33	1.89
10/5/2003	October	10.00	Tomahawk	5.00	2.00	1.00	PopEst	PopEst	61.00					16.70	15.00	104.65	6.27	25.00	16.33	1.33	4.78	17.09	3.57	0.58
10/5/2003	October	10.00	Tomahawk	5.00	2.00	2.00	PopEst	PopEst	36.00					13.70	20.00	93.62	6.83	38.33	15.33	3.11	4.33	14.35	2.51	0.38
10/5/2003	October	10.00	Tomahawk	5.00	2.00	3.00	PopEst	PopEst	65.00					21.80	20.00	126.44	5.80	38.75	24.50	2.75	4.25	30.98	2.10	0.51
10/5/2003	October	10.00	Tomahawk	5.00	2.00	4.00	PopEst	PopEst	9.00					13.40	65.00	66.11	4.93	11.67	8.89	22.78	4.78	5.88	1.53	0.14
10/5/2003	October	10.00	Tomahawk	5.00	2.00	5.00	PopEst	PopEst	100.00					31.90	50.00	111.65	3.50	37.50	24.83	0.33	3.17	27.73	3.61	0.90
10/5/2003	October	10.00	Tomahawk	5.00	2.00	6.00	PopEst	PopEst	12.00					14.90	30.00	57.12	3.83	66.67	7.22	7.22	3.22	4.13	2.91	0.21
10/5/2003	October	10.00	Tomahawk	5.00	2.00	7.00	PopEst	PopEst	341.00					34.30	20.00	240.67	7.02	39.17	50.56	0.06	3.89	121.67	2.80	1.42
10/5/2003	October	10.00	Tomahawk	5.00	2.00	8.00	PopEst	PopEst	142.00					22.10	20.00	135.92	6.15	23.75	26.25	0.67	4.00	35.68	3.98	1.04
4/9/2003	April	4.00	Water	6.00	2.00	1.00	PopEst	PopEst	281.00	11.82	1.01	7.71	351.60	63.00	75.00	382.20	6.07	56.11	7.19	4.15	3.93	27.46	10.23	0.74
4/9/2003	April	4.00	Water	6.00	2.00	2.00	PopEst	PopEst	156.00	11.82	1.01	7.71	351.60	35.10	25.00	200.07	5.70	59.17	20.89	3.33	4.22	41.79	3.73	0.78
4/9/2003	April	4.00	Water	6.00	2.00	3.00	PopEst	PopEst	83.00	11.82	1.01	7.71	351.60	15.10	25.00	90.60	6.00	76.67	9.56	6.33	3.78	8.66	9.59	0.92
4/9/2003	April	4.00	Water	6.00	2.00	4.00	PopEst	PopEst	161.00	11.82	1.01	7.71	351.60	25.90	10.00	182.85	7.06	50.00	11.67	1.33	3.40	21.33	7.55	0.88
4/9/2003	April	4.00	Water	6.00	2.00	5.00	PopEst	PopEst	281.00	11.82	1.01	7.71	351.60	73.20	75.00	408.09	5.58	55.00	10.14	3.39	3.86	41.38	6.79	0.69
4/9/2003	April	4.00	Water	6.00	2.00	6.00	PopEst	PopEst	347.00	11.82	1.01	7.71	351.60	38.20	25.00	184.63	4.83	80.00	22.22	1.06	4.72	41.03	8.46	1.88
6/3/2003	June	6.00	Water	6.00	2.00	1.00	PopEst	PopEst	108.00	17.61	0.69	7.98	363.87	21.90	35.00	111.25	5.08		14.20	11.00	3.40	15.80	6.84	0.97
6/3/2003	June	6.00	Water	6.00	2.00	2.00	PopEst	PopEst	122.00	17.63	0.73	7.98	363.60	43.20	25.00	275.40	6.38		13.00	7.13	3.71	35.80	3.41	0.44
6/3/2003	June	6.00	Water	6.00	2.00	3.00	PopEst	PopEst	353.00	17.66	0.77	7.97	363.60	29.70	20.00	164.54	5.54		24.80	1.87	3.40	40.81	8.65	2.15
6/3/2003	June	6.00	Water	6.00	2.00	4.00	PopEst	PopEst	78.00	17.67	0.85	7.93	358.43	13.30	15.00	81.13	6.10		12.56	7.78	3.44	10.19	7.66	0.96
6/3/2003	June	6.00	Water	6.00	2.00	5.00	PopEst	PopEst	173.00	17.67	0.84	7.90	358.60	30.20	15.00	193.28	6.40		17.72	1.28	3.39	34.25	5.05	0.90
6/3/2003	June	6.00	Water	6.00	2.00	6.00	PopEst	PopEst	222.00	17.44	0.88	7.96	356.87	71.10	25.00	360.83	5.08		16.00	8.96	3.50	57.73	3.85	0.62
6/3/2003	June	6.00	Water	6.00	2.00	7.00	PopEst	PopEst	402.00	17.27	0.92	7.93	355.87	32.30	10.00	158.27	4.90		25.27	2.47	4.00	39.99	10.05	2.54
8/10/2003	August	8.00	Water	6.00	2.00	1.00	PopEst	PopEst	883.00	20.30	0.65	7.86	359.40	66.40	45.00	374.69	5.64	23.93	8.05	2.12	3.67	30.15	29.28	2.36
8/10/2003	August	8.00	Water	6.00	2.00	2.00	PopEst	PopEst	266.00	20.30	0.65	7.86	359.40	28.10	15.00	156.80	5.58	21.00	13.40	0.27	3.53	21.01	12.66	1.70
8/10/2003	August	8.00	Water	6.00	2.00	3.00	PopEst	PopEst	92.00	20.30	0.65	7.86	359.40	15.10	20.00	69.46	4.60	16.67	5.22	2.11	3.78	3.63	25.36	1.32
8/10/2003	August	8.00	Water	6.00	2.00	4.00	PopEst	PopEst	142.00	20.30	0.65	7.86	359.40	32.50	5.00	211.79	6.52	22.50	9.06	0.83	3.33	19.18	7.40	0.67
8/10/2003	August	8.00	Water	6.00	2.00	5.00	PopEst	PopEst	244.00	20.30	0.65	7.86	359.40	72.80	50.00	299.85	4.12	21.88	9.75	2.08	3.63	29.23	8.35	0.81
8/10/2003	August	8.00	Water	6.00	2.00	6.00	PopEst	PopEst	680.00	20.30	0.65	7.86	359.40	35.60	30.00	132.74	3.73	62.14	26.71	0.05	4.14	35.46	19.18	5.12
10/3/2003	October	10.00	Water	6.00	2.00	1.00	PopEst	PopEst	107.00					66.20	50.00	371.38	5.61	24.00	8.40	1.63	3.70	31.20	3.43	0.29
10/3/2003	October	10.00	Water	6.00	2.00	2.00	PopEst	PopEst	95.00					28.10	25.00	148.93	5.30	19.00	16.20	0.27	3.60	24.13	3.94	0.64
10/3/2003	October	10.00	Water	6.00	2.00	3.00	PopEst	PopEst	6.00					14.00	15.00	67.20	4.80	16.67	4.89	2.67	3.89	3.29	1.83	0.09
10/3/2003	October	10.00	Water	6.00	2.00	4.00	PopEst	PopEst	78.00					27.80	10.00	207.94	7.48	27.00	12.27	1.00	3.47	25.51	3.06	0.38
10/3/2003	October	10.00	Water	6.00	2.00	5.00	PopEst	PopEst	93.00					75.00	20.00	309.23	4.12	35.00	8.90	2.41	4.08	27.51	3.38	0.30
10/3/2003	October	10.00	Water	6.00	2.00	6.00	PopEst	PopEst	240.00					39.60	20.00	145.95	3.69	50.00	19.38	0.62	4.19	28.29	8.48	1.64
